202004552 Neo        78 72 70 68 80
202306366 Bonno      85 80 75 73 88
202301219 Thapelo    75 70 72 69 78
202202454 Naledi     90 88 85 82 91
202301987 Kagiso     80 77 73 71 82
202401452 Rebaone    70 65 63 60 70
202100876 Lesedi     88 85 84 82 89
202302359 Koketso    78 75 70 68 79
202201764 Thato      65 60 62 60 67
202100543 Dineo      60 62 59 58 65
202402678 Kelebogile 82 80 78 75 85
202301119 Onkabetse  68 65 66 63 70
202305432 Boitumelo  84 80 78 75 82
202401765 Mpho       75 72 70 68 77
202203876 Tlotlo     60 62 63 61 64
202300987 Keamogetse 82 78 80 75 83
202102345 Rorisang   65 63 60 59 67
202303214 Tshepang   88 85 82 79 90
202200764 Gomolemo   70 65 67 64 71
202402345 Katlego    72 70 69 68 74
202301321 Tumisang   85 80 78 75 84
202201111 Lebogang   75 72 70 68 78
202305678 Kabelo     80 78 75 72 81
202401998 Itumeleng  68 65 63 60 69
202204321 Phenyo     82 78 77 75 83
202303333 Olebogeng  70 68 65 63 72
202305217 Bokang     80 75 78 72 80
202500001 Alice      55 60 58 57 65
202500002 Brian      60 55 53 52 58
202500003 Charles    70 68 65 63 70
202500004 Diana      75 72 70 68 75
202500005 Evelyn     50 55 52 50 55
202500006 Felix      85 88 85 82 89
202500007 Grace      68 65 60 58 70
202500008 Henry      65 62 60 58 68
202500009 Iris       55 50 53 50 55
202500010 Jake       75 72 70 68 77
